4.356672904993358353e-01
4.056095684829510994e-01
4.041205660292976898e-01
4.042469043480722557e-01
4.029942531334726463e-01
4.033348701502147415e-01
4.045349202658000687e-01
3.509637258554759720e-01
2.826958549650092078e-01
2.495802162509215549e-01
2.294389370240663140e-01
2.174986640089436596e-01
2.097624712868740582e-01
2.055948957016593415e-01
2.009155907128986618e-01
2.002530592052560177e-01
1.977393329143524170e-01
1.947715407923648334e-01
1.922996812745144390e-01
1.945578150059047440e-01
1.909692365872232567e-01
1.888773935405831661e-01
1.870397235217847454e-01
1.868562698364257812e-01
1.885969717251627098e-01
1.855681366042087055e-01
1.849178334600047047e-01
1.881950081963288113e-01
1.844539148242849980e-01
1.824182256271964508e-01
1.840147493701232151e-01
1.824886885128523262e-01
1.845348155812213398e-01
1.816747925783458451e-01
1.822788660463533772e-01
1.814374037479099533e-01
1.801660343220359284e-01
1.788506688256012722e-01
1.789320832804629779e-01
1.793283890736730446e-01
1.789414521894956978e-01
1.770941270025152836e-01
1.786650630988572686e-01
1.768232152650230926e-01
1.774293568573500068e-01
1.764065976205625164e-01
1.760131850054389435e-01
1.747486928575917309e-01
1.738703893987756099e-01
1.799671736202742012e-01
1.743493440904115288e-01
1.722425394936611676e-01
1.708884999940269989e-01
1.704297387286236309e-01
1.711951909880889133e-01
1.724659063314136764e-01
1.698246308063205978e-01
1.692213918033399211e-01
1.677588922412771855e-01
1.679591936500448857e-01
1.667736180518802902e-01
1.668594824640374508e-01
1.659056983496013382e-01
1.648264927299399052e-01
1.677295698931342560e-01
1.659786685516959626e-01
1.641978205818878933e-01
1.637438590589322673e-01
1.638726811659963478e-01
1.677762795435754906e-01
1.728006013129886886e-01
1.656834820383473461e-01
1.629557374276612847e-01
1.619079928649099220e-01
1.616475127245250443e-01
1.616441944712086742e-01
1.610297897928639477e-01
1.617496868497446949e-01
1.619740089303568775e-01
1.613898191012834160e-01
1.608869982393164311e-01
1.602891550252312225e-01
1.592865021605240627e-01
1.607298866698616546e-01
1.608313392651708473e-01
1.608653350880271393e-01
1.593620628118515015e-01
1.589732875949458057e-01
1.591602054081465156e-01
1.586829188622926323e-01
1.587371583047666179e-01
1.595364660024642944e-01
1.579948428430055229e-01
1.584398526894418846e-01
1.570819843756525169e-01
1.578675508499145508e-01
1.579732377278177391e-01
1.572404339125281769e-01
1.575304559971156815e-01
1.562926549660532127e-01
