6.036087839226973450e-01
5.953125545853062972e-01
5.946080119986283385e-01
5.955406427383422852e-01
5.951168537139892578e-01
5.928232011042142702e-01
5.930191937245821165e-01
5.414128068246339964e-01
4.765817585744355767e-01
4.691954019822572319e-01
4.391554374443857323e-01
4.097184601582978813e-01
3.983058772589030960e-01
3.940196664709794128e-01
3.819500443182493599e-01
3.732212876018725090e-01
3.706084646676716110e-01
3.679420446094713859e-01
3.695667637021918250e-01
3.758949402131532280e-01
3.646727753312964393e-01
3.624890870169589219e-01
3.599354624748229980e-01
3.618798757854260750e-01
3.589713181319989510e-01
3.615988241998772668e-01
3.624155709618016030e-01
3.580201001543747985e-01
3.566603205705943802e-01
3.569187819957733154e-01
3.566862172202059922e-01
3.574464634845131439e-01
3.566566407680511475e-01
3.577833332513508102e-01
3.635749518871307373e-01
3.594020808997906991e-01
3.548689813990342223e-01
3.546823153370304849e-01
3.528371500341515588e-01
3.527426421642303467e-01
3.546194230255327873e-01
3.523767810118825783e-01
3.539573095346751908e-01
3.521040191775874351e-01
3.511974780183089173e-01
3.523311975755189507e-01
3.516076348329845169e-01
3.532967489016683449e-01
3.501326112370741761e-01
3.524754423844186912e-01
3.506431736444172165e-01
3.495911171561793540e-01
3.523382748428143807e-01
3.491800694089186585e-01
3.506346125351755272e-01
3.561403751373291016e-01
3.496715551928469834e-01
3.480249157077388023e-01
3.464766082010771187e-01
3.483293385882126891e-01
3.485269656306819175e-01
3.460840708331057725e-01
3.506334910267277505e-01
3.479500444311844909e-01
3.455540082956615189e-01
3.460218592693931061e-01
3.474775176299245705e-01
3.459991938189456162e-01
3.447534975252653511e-01
3.471660049338090026e-01
3.510080277919769287e-01
3.456314661000904342e-01
3.440338043790114320e-01
3.434561255731080620e-01
3.466583898192958091e-01
3.437316151041733825e-01
3.444184347202903229e-01
3.470700351815474427e-01
3.447958466253782661e-01
3.429301443852876274e-01
3.442315757274627686e-01
3.425324935662119041e-01
3.447961211204528809e-01
3.421514504834225479e-01
3.425384995184446724e-01
3.446329188974280311e-01
3.422887231174268075e-01
3.417731758795286567e-01
3.420685639506892417e-01
3.438758348163805656e-01
3.399166700087095649e-01
3.428763166854256195e-01
3.412266734399293511e-01
3.403639416945608009e-01
3.432393183833674644e-01
3.392427547981864411e-01
3.381374211687790954e-01
3.479830183480915329e-01
3.397890141135768149e-01
3.382128822176079797e-01
