4.768681683038410446e-01
3.767566822077098587e-01
3.770445020575272643e-01
3.748720837266821815e-01
3.400062887292158997e-01
2.655126123051894105e-01
2.516218792451055397e-01
2.354336122148915356e-01
2.226476912435732258e-01
2.142529620936042267e-01
2.095135097440920247e-01
2.025644889003352100e-01
1.965656876564025879e-01
1.884952603202117161e-01
1.799442650456177517e-01
1.745266600659018952e-01
1.694120372596540081e-01
1.664261135615800469e-01
1.643456887257726540e-01
1.629856495480788425e-01
1.596434006565495556e-01
1.586183372296784966e-01
1.561647426140935768e-01
1.565910632673062908e-01
1.536763506500344600e-01
1.522155709956821701e-01
1.547560315383108009e-01
1.508564752967734013e-01
1.489176679598657738e-01
1.503925825420178997e-01
1.481547222325676483e-01
1.463555858323448700e-01
1.496657995801222996e-01
1.486202831331052410e-01
1.447238682916289765e-01
1.438565120885246795e-01
1.432549616223887379e-01
1.435404874776539108e-01
1.429303629617942051e-01
1.417324625347790024e-01
1.439083398957001492e-01
1.411481107536115276e-01
1.406830764914813736e-01
1.404491725720857231e-01
1.405709546647573860e-01
1.394665884344201412e-01
1.408590917524538411e-01
1.387720645258301300e-01
1.391576999112179303e-01
1.393839858080211380e-01
1.390034101511302689e-01
1.388385017451486958e-01
1.381801068782806396e-01
1.369047266872305546e-01
1.357009501049393219e-01
1.379045365672362522e-01
1.350493035034129596e-01
1.383781966410185249e-01
1.378599252355726112e-01
1.355327952064965813e-01
1.348715753931748196e-01
1.335111425111168426e-01
1.332425271209917439e-01
1.341780169229758457e-01
1.346644190581221256e-01
1.334503771443115994e-01
1.352310137529122158e-01
1.347442308538838451e-01
1.329895893209858959e-01
1.322508622941217793e-01
1.320224063176857754e-01
1.323915123939514160e-01
1.312314166050208286e-01
1.316265754009547928e-01
1.307096716604734810e-01
1.329721043768682109e-01
1.303846420426117703e-01
1.295943734677214298e-01
1.318594358469310501e-01
1.293310228931276451e-01
1.314905960308878075e-01
1.287794889588105007e-01
1.301323626386491905e-01
1.285558935058744301e-01
1.295519710371368927e-01
1.279125174409464771e-01
1.306035848040329739e-01
1.288345071830247490e-01
1.276976375987655121e-01
1.271370178774783588e-01
1.277934642214524075e-01
1.270252234841647843e-01
1.261473384342695625e-01
1.276186669343396252e-01
1.263128240641794575e-01
1.256714349514559681e-01
1.281167751080111439e-01
1.249727375413242081e-01
1.246592147569907383e-01
1.276872181578686261e-01
