4.971328189498500083e-01
4.590590690311632804e-01
4.547641732190784714e-01
4.536979308253840659e-01
4.542585219207562752e-01
4.540853657220539352e-01
4.524271362706234756e-01
3.747988531464024331e-01
3.338538329852254738e-01
3.246491551399230957e-01
2.901125691438976029e-01
2.766040908662896203e-01
2.711109973882374069e-01
2.669507202349211128e-01
2.628226146886223358e-01
2.774992036192040490e-01
2.629413683163492332e-01
2.572476205072904976e-01
2.543277975760008247e-01
2.533037968372043869e-01
2.512003646085136932e-01
2.494409005892904152e-01
2.473913674291811360e-01
2.498849457816073871e-01
2.467469251469562030e-01
2.440256178379058838e-01
2.441597910303818508e-01
2.431574205034657543e-01
2.490784463129545601e-01
2.441558257529610199e-01
2.405793313917360676e-01
2.401948398665378070e-01
2.401896895546662136e-01
2.388441390112826801e-01
2.390026285460120636e-01
2.379573160096218609e-01
2.383134851330205028e-01
2.394640806474183647e-01
2.378347657228770951e-01
2.361618931356229412e-01
2.365392760226601165e-01
2.366572987092168678e-01
2.369720622112876374e-01
2.353207900335914093e-01
2.362506938608069096e-01
2.362756823238573445e-01
2.342143921475661472e-01
2.345310661353562920e-01
2.342195252054616039e-01
2.339191185800652828e-01
2.331348328213942722e-01
2.359604913937418114e-01
2.392337518303017940e-01
2.326801442786266827e-01
2.306349857857352692e-01
2.300357018646440876e-01
2.298540700423090111e-01
2.296337736280340824e-01
2.306841353052540844e-01
2.301474143015710960e-01
2.309098118229916119e-01
2.300252992855875145e-01
2.462550017394517510e-01
2.473889950074647515e-01
2.319134818880181637e-01
2.297946355844798783e-01
2.285491455542413841e-01
2.278019527071400707e-01
2.279130267469506588e-01
2.268286566985280861e-01
2.267159466680727375e-01
2.261627959577660885e-01
2.259829993310727703e-01
2.271193744320618435e-01
2.266994377500132496e-01
2.272080583007712040e-01
2.279918209502571624e-01
2.264652456107892620e-01
2.256276599670711258e-01
2.266150634539754738e-01
2.262227464663355003e-01
2.236363676033522041e-01
2.258748325862382500e-01
2.258848273440411114e-01
2.237955676881890621e-01
2.246169738079372147e-01
2.236455216219550568e-01
2.242100936801809941e-01
2.238082838685888920e-01
2.241494090933548733e-01
2.225980962577619182e-01
2.242607599810550190e-01
2.222652372561003120e-01
2.216445709529676067e-01
2.229597270488739014e-01
2.216729498223254657e-01
2.213856154366543316e-01
2.230235706818731178e-01
2.215114384889602661e-01
2.201550673497350563e-01
