7.509135452547011091e-02 2.559238317420323150e-01 1.284623442924584802e-01 1.557932358774062331e-01
1.653245813446584112e-01 3.351361145036452771e-01 1.539706814192660089e-01 2.215248466430868590e-01
2.195695650930589993e-01 3.959001045771717298e-01 1.778516344001022931e-01 2.235221304867563430e-01
1.804787368358836686e-01 4.604674924167223016e-01 2.127355955553168754e-01 2.302251571430832533e-01
2.303601487451200358e-01 5.701682653556471303e-01 2.450050172157279271e-01 2.691305178299849277e-01
3.681862892533571130e-01 6.470710976981094431e-01 2.333157490031253778e-01 3.262806287873810662e-01
4.300779507520936518e-01 7.141907747361195824e-01 2.851240870344440292e-01 5.764998374450224228e-01
4.171243819484888316e-01 7.797924960731237309e-01 3.674728134085875619e-01 5.167125541502921582e-01
6.944628423751375568e-01 7.831405793931838222e-01 4.004946913025930755e-01 5.904030843564370690e-01
5.816178009893695489e-01 8.298356070458259293e-01 3.835392227515680430e-01 6.282432020609017842e-01
