2.706125995891197180e-04 1.026819736851130482e-04 8.380449127273024578e-05 1.609839661457600126e-03
1.725028018060363567e-04 9.892381906017935485e-05 6.215311124979431537e-05 1.219176651962351234e-02
1.497047744550643030e-04 9.206361159929665468e-05 6.263281109019977065e-05 1.384367891275856783e-03
1.804662298918872682e-04 1.363524279064031396e-04 6.272834517398291555e-05 1.339421915881170225e-02
1.505934650946657151e-04 8.635650976955317349e-05 7.698088179429853420e-05 1.671582188266820552e-03
1.195752848585343093e-04 8.183468325446840053e-05 8.623116178222327364e-05 1.100770177737679439e-03
1.238619315475082520e-04 8.323816205575869636e-05 1.136393740263051948e-04 1.447508865780134128e-03
1.535193777328001355e-04 6.534661436334766480e-05 1.491235630270571345e-04 3.324981981909563931e-03
8.285768793020789873e-05 6.960944125888227465e-05 1.975428785856079531e-04 1.358847313183383356e-03
1.891678084758874605e-04 6.876441795471783993e-05 2.876679141089593392e-04 2.693039941147635022e-03
