1.198737178748106036e+00 4.406381444204427456e-01 5.235690833717170367e-01 1.114536823018860590e+00
1.065898076127090865e+00 4.049306615479124072e-01 4.809583410153630001e-01 2.041468825411063115e+00
1.005210290217354974e+00 4.414937398686087922e-01 4.733327836238376274e-01 1.100234715101662264e+00
1.074623343545381138e+00 4.990804532041083208e-01 4.906681873988774645e-01 1.944953145916269222e+00
9.948436076470784650e-01 4.695098405449016354e-01 5.494685491392239385e-01 1.313544357427769649e+00
8.807713535853107789e-01 3.439493484440988014e-01 5.669586603200460484e-01 1.093714565234961356e+00
8.230283591960443346e-01 3.072918029471402024e-01 6.034582495716362960e-01 8.419502928422322174e-01
8.454585376911316619e-01 2.831253672931561827e-01 5.960722168136888266e-01 1.376535317044829565e+00
5.244501898886051450e-01 3.371661917005710496e-01 5.784336915904033649e-01 1.052142433320748971e+00
6.427750046436228049e-01 3.457739247792732118e-01 6.593328487092485757e-01 9.940992266933775801e-01
