5.580252057819031997e+00 3.332883785553489187e+00 3.383456628180907533e+00 4.372015902982932190e+00
4.226794991733610729e+00 2.561864684244840262e+00 2.803522031940533843e+00 4.472946395648987661e+00
3.315861120556165442e+00 2.128080403440294699e+00 2.353063794583574619e+00 3.420533212110355770e+00
2.793722479255945412e+00 1.811088172667291829e+00 1.803590937941296435e+00 2.527624468394832125e+00
2.218443717619101196e+00 1.396478081653036885e+00 1.545796366691151613e+00 2.286624716128346613e+00
1.752343383247186193e+00 1.071949734555501577e+00 1.359950300889408936e+00 1.598452076322301796e+00
1.453004809931597974e+00 8.771272906616403020e-01 1.225895627050860970e+00 1.468762365702016792e+00
1.295081755556774405e+00 7.305039714426815323e-01 1.087899740545791527e+00 1.518183702694562154e+00
9.214723088812493135e-01 7.053480475151360229e-01 9.930502866472524781e-01 1.260039503685966400e+00
9.447146703194222450e-01 6.208790379219112365e-01 9.404759594818907775e-01 1.045122188454281398e+00
