1.701755541449481868e+01 9.925382944247804318e+00 8.145600107456475669e+00 1.725795819527180441e+01
8.777698489257737435e+00 6.391607473101286629e+00 5.439105711978374558e+00 2.741813076269919947e+01
5.335554734997915105e+00 4.026323805191101002e+00 3.919802762940952867e+00 1.304688434255222695e+01
3.876908496435313989e+00 3.018502501504968016e+00 2.301817847693031549e+00 6.151231698780295076e+00
2.416230462606618890e+00 1.755845319114820668e+00 1.551519093918160452e+00 6.262469813438090505e+00
1.516795945697519965e+00 1.215140562073296016e+00 1.283477565992084513e+00 2.651441431177314012e+00
1.129099329566337628e+00 9.020518416744562895e-01 1.059966243709472122e+00 2.353224517365776869e+00
9.679589263854581072e-01 6.222114844377604204e-01 9.551717312800785953e-01 3.217232215519726601e+00
5.754449000877772669e-01 5.063130331254781513e-01 9.193731735204078159e-01 2.111529598145161390e+00
7.353389690148011137e-01 4.244124470346455347e-01 8.906054693186440385e-01 2.252068566438311770e+00
