7.509135452547011091e-02 2.559238317420323150e-01 1.383459535297616172e-01 1.923934373318640367e-01
1.653245813446584112e-01 3.351361145036452771e-01 1.596739804819761466e-01 1.903991416654381985e-01
2.195695650930589993e-01 3.959001045771717298e-01 2.339114846735535491e-01 2.794271207247572275e-01
1.804787368358836686e-01 4.604674924167223016e-01 2.220084012065953460e-01 2.769378809981724587e-01
2.303601487451200358e-01 5.701682653556471303e-01 2.706206249384824902e-01 3.448601048308064798e-01
3.681862892533571130e-01 6.470710976981094431e-01 2.319501223389249522e-01 3.966677862138252020e-01
4.300779507520936518e-01 7.141907747361195824e-01 3.221334130198251211e-01 4.515733645752038616e-01
4.171243819484888316e-01 7.797924960731237309e-01 2.733033212713383842e-01 5.202040968917248653e-01
6.944628423751375568e-01 7.831405793931838222e-01 4.169283070511319300e-01 5.324169401694278658e-01
5.816178009893695489e-01 8.298356070458259293e-01 3.923164465005126722e-01 6.537030525172697892e-01
