3.283010161424673723e-01 2.246587899663118615e-01 1.242279229133171903e-01 1.766084971606934340e-01
4.329979106231741648e-01 2.531659453033656137e-01 1.372843153099164715e-01 1.729389345462813699e-01
4.614336999433382713e-01 2.845377250051156492e-01 2.042828447454972385e-01 2.314972463116005130e-01
5.097050347707360318e-01 3.546799941751496710e-01 2.378167981703810108e-01 2.285363602733344046e-01
5.737847036354827290e-01 4.438797175183686328e-01 2.876623562375082432e-01 2.840944013450533157e-01
6.372530775154061633e-01 5.253813075223395801e-01 3.429787485109049294e-01 3.359777363445443088e-01
6.975634703233243306e-01 5.513440923686583339e-01 3.410021733373505004e-01 4.696966851061168957e-01
6.598707153089050648e-01 5.987430806237712400e-01 3.780116740436565426e-01 5.159622980227982492e-01
7.720253064406953358e-01 6.619542327450791408e-01 3.849775820013084937e-01 5.328145656104197325e-01
7.212419790086661564e-01 7.218304602080276577e-01 4.105985302885393762e-01 5.837735878309167070e-01
