7.006267923379427509e-06 1.243912523827151416e-02 7.844227142550324466e-03 4.774014876494754589e-02
2.948689410638638759e-04 1.086454291691678516e-02 1.055851046967795463e-02 1.464701869524721034e-01
4.909416433240657322e-04 8.261673405671736414e-03 7.941771338955520149e-03 2.018704020448539027e-01
1.087948248532089554e-05 6.904311323983862089e-03 6.890189196218188088e-03 1.918189749730075944e+00
1.626165665469371001e-05 3.378449332519951193e-03 7.857026170704294044e-03 7.895464914684968694e-01
8.552493766542272678e-05 1.588431363349997183e-03 2.991764097187893205e-03 2.451204872200771906e-02
4.568589429217708917e-05 2.808172014699228218e-03 3.142906648977920880e-03 8.360865441445153312e-03
8.529815392824350575e-05 1.990676056756505129e-03 2.053700022552954179e-03 1.892727192543474865e-02
1.179327490592689065e-03 1.190660561216944514e-03 1.109794112541545195e-03 1.965472614866845165e-03
1.618048479042223772e-04 5.879755261333069732e-04 6.800498688391823018e-04 2.236108322032720475e-02
