1.547692517139358515e-01 1.221275739966768636e+00 4.754794549866040998e-01 1.787351756238856115e+00
3.211939809514172683e-01 1.309216282678945298e+00 4.446487902833785588e-01 1.709959030425302728e+00
3.941780659773899687e-01 1.043870006531393724e+00 4.546123191300589506e-01 1.782362344751943883e+00
1.893973815906693781e-01 9.967012907359386054e-01 5.014522633182403322e-01 6.310121134945833710e+00
1.845488330171091984e-01 8.926817253402804520e-01 5.179101422042889924e-01 6.199434447788457092e+00
2.743176087252867656e-01 6.901652022887173610e-01 5.414994929559608927e-01 1.391967482935591693e+00
2.585662283824995411e-01 7.308650374806147099e-01 6.045557361483308023e-01 8.657174986352433876e-01
3.262033773563272621e-01 6.883150215660498450e-01 5.987305325463276873e-01 8.990711521498617742e-01
4.059665052019679199e-01 5.840863016394692853e-01 6.272225416539756182e-01 8.069028219959779591e-01
3.775473172888477169e-01 4.842942522915890113e-01 6.393500445639628271e-01 9.728839669897378917e-01
