1.165651700149047176e+00 5.958332706081951358e+01 2.619332410889296625e+01 8.365394279711109959e+01
5.605434766595173812e+00 3.751469805141926628e+01 1.852998762711975900e+01 7.793490612730107614e+01
4.721087476997019472e+00 2.109106380638848321e+01 1.017790830571513183e+01 4.114764857499379502e+01
7.786221288981157729e-01 1.254848570470732128e+01 9.257196574120861499e+00 2.198869213467398609e+01
6.660646767462383711e-01 7.343634239988288570e+00 4.651060045013564626e+00 1.390579013360518346e+01
1.047713848482662913e+00 4.595180763808246915e+00 3.101509712495963633e+00 1.219338023416333172e+01
6.038449968223355002e-01 3.849574830146953897e+00 2.869359668278964826e+00 6.364926230833300558e+00
6.674241404740286487e-01 2.581978400897066539e+00 1.732041936747622746e+00 4.530102825731178839e+00
1.620735838096660331e+00 1.770679361960525000e+00 1.381645994302319824e+00 3.177287965981477225e+00
6.521517901031173015e-01 1.122153170682408163e+00 1.191765160747843000e+00 2.349742128195182467e+00
