1.662423576511348200e+00 4.841417411724803443e+00 2.634889354221955138e+00 5.080170595707132364e+00
1.970751161868532275e+00 4.068513890556411106e+00 2.295303786586893047e+00 4.487917855418571911e+00
1.785548831230468370e+00 3.067505203668276170e+00 1.818062936156027876e+00 3.794631616861188661e+00
1.071793500126779985e+00 2.429501357067926470e+00 1.576719922279229857e+00 2.807245575378060742e+00
9.002644003436358622e-01 1.940615647513774134e+00 1.332697127191974529e+00 2.174389738863341304e+00
9.115982796881537675e-01 1.461253283487832899e+00 1.216636895434029197e+00 2.007490886226643845e+00
7.802751032001810083e-01 1.303356050387783238e+00 1.122833939210835963e+00 1.560179319998434178e+00
7.803408782160365931e-01 1.117453626034725200e+00 1.037053648096641245e+00 1.323527428371067405e+00
7.844066044061785981e-01 9.320654554389822266e-01 9.907743607913745976e-01 1.183451421699467376e+00
7.103876100623102152e-01 7.848915834465060026e-01 9.287739645885626505e-01 1.057104192675973220e+00
