3.283010161424673723e-01 2.246587899663118615e-01 1.163046252754829507e-01 1.579127249080347073e-01
4.329979106231741648e-01 2.531659453033656137e-01 1.737324015299198665e-01 1.833985367397985011e-01
4.614336999433382713e-01 2.845377250051156492e-01 1.990955141744913115e-01 2.355166962403673347e-01
5.097050347707360318e-01 3.546799941751496710e-01 2.502175945295745940e-01 2.573679331284514094e-01
5.737847036354827290e-01 4.438797175183686328e-01 2.804736480693755807e-01 3.428673916490679319e-01
6.372530775154061633e-01 5.253813075223395801e-01 3.223048589547649057e-01 3.267521622736484499e-01
6.975634703233243306e-01 5.513440923686583339e-01 3.737467461006814817e-01 4.303320540054763055e-01
6.598707153089050648e-01 5.987430806237712400e-01 3.590693126868758078e-01 4.721987054286736485e-01
7.720253064406953358e-01 6.619542327450791408e-01 3.630381575089855484e-01 5.517672387216124852e-01
7.212419790086661564e-01 7.218304602080276577e-01 4.188034891068164178e-01 6.001875199920559956e-01
